350102199304164514-
350102199304166712-
350102199304168291-
350102199304162519-
350102199304160994-
350102199304164397-
350102199304169278-
350102199304167678-
350102199304169972-
350102199304167037-
350102199304166317-
350102199304160433-
350102199304163896-
350102199304165998-
350102199304162930-
350102199304166210
350102199304161276
350102199304163618
350102199304165971
350102199304160097
350102199304163730
350102199304166333
350102199304169892
350102199304163298
350102199304165373
350102199304161196
350102199304162631
350102199304160978
350102199304169614
350102199304165517
350102199304167870
350102199304164135
350102199304162236
350102199304166173
350102199304166632
350102199304163212
350102199304160572
350102199304165912
350102199304160898
350102199304160556
350102199304162930
350102199304167192
350102199304160978
350102199304166819
350102199304163212
350102199304163896
350102199304163052
350102199304164450
350102199304167491
350102199304169016
350102199304164530
350102199304161233
350102199304165373
350102199304164434
350102199304164493
350102199304160732
350102199304165613
350102199304167117
350102199304161719
350102199304165234
350102199304162631
350102199304169577
350102199304169331
350102199304164856
350102199304165736
350102199304165971
350102199304168056
350102199304166296
350102199304161890
350102199304168910
350102199304166835
35010219930416483X
350102199304166130
350102199304167790
350102199304161655
350102199304169315-------
350102199304161698
350102199304164696--
35010219930416379X
350102199304169171--
350102199304163714
350102199304168312
350102199304160417
350102199304169075
350102199304162738
350102199304164899
350102199304169796
350102199304168339
350102199304162017
350102199304161516
350102199304163570
350102199304164637
350102199304161073
350102199304162914
350102199304169470
350102199304166819
35010219930416889X
350102199304167512
350102199304163116